 ----------------   CP     1,     Type (3,-3)   ----------------
 Position (Bohr):   -0.61016024607237   -6.10417666343397    0.11825253330364
 Density of all electrons:  0.5855176332E+00
 Density of Alpha electrons:  0.2927588166E+00
 Density of Beta electrons:  0.2927588166E+00
 Spin density of electrons:  0.0000000000E+00
 Lagrangian kinetic energy G(r):  0.3497283118E-01
 G(r) in X,Y,Z:  0.1151312384E-01  0.2576918786E-02  0.2088278856E-01
 Hamiltonian kinetic energy K(r):  0.7854979286E+01
 Potential energy density V(r): -0.7889952118E+01
 Energy density E(r) or H(r): -0.7854979286E+01
 Laplacian of electron density: -0.3128002582E+02
 Electron localization function (ELF):  0.9991168068E+00
 Localized orbital locator (LOL):  0.9711347665E+00
 Local information entropy:  0.1666489813E-01
 Reduced density gradient (RDG):  0.1000000000E+03
 Reduced density gradient with promolecular approximation:  0.1000000000E+03
 Sign(lambda2)*rho: -0.5855176332E+00
 Sign(lambda2)*rho with promolecular approximation: -0.3344443833E+00
 Corr. hole for alpha, ref.:   0.00000   0.00000   0.00000 : -0.3836888139E-04
 Source function, ref.:   0.00000   0.00000   0.00000 :  0.4056865400E+00
 Wavefunction value for orbital         1 :  0.1463213046E-05
 Average local ionization energy (ALIE):  0.8569899196E+00
 Delta_g (under promolecular approximation):  0.3980065356E+00
 Delta_g (under Hirshfeld partition):  0.7895762437E+00
 User-defined real space function:  0.1000000000E+01
 ESP from nuclear charges:  0.4557115579E+02
 ESP from electrons: -0.2660064553E+02
 Total ESP:  0.1897051025E+02 a.u. ( 0.5162138E+03 eV, 0.1190418E+05 kcal/mol)
 
 Note: Below information are for electron density
 
 Components of gradient in x/y/z are:
 -0.3538835891E-15  0.1641048408E-14 -0.5724587471E-16
 Norm of gradient is:  0.1679747172E-14
 
 Components of Laplacian in x/y/z are:
 -0.1120354920E+02 -0.8893638674E+01 -0.1118283794E+02
 Total: -0.3128002582E+02
 
 Hessian matrix:
 -0.1120354920E+02 -0.2354860142E+00  0.1337618853E-01
 -0.2354860142E+00 -0.8893638674E+01 -0.7435995149E-01
  0.1337618853E-01 -0.7435995149E-01 -0.1118283794E+02
 Eigenvalues of Hessian: -0.1122810809E+02 -0.8867425647E+01 -0.1118449208E+02
 Eigenvectors(columns) of Hessian:
  0.9862542400E+00 -0.1004250520E+00  0.1312150261E+00
  0.9518466124E-01  0.9944131547E+00  0.4563286096E-01
 -0.1350646305E+00 -0.3251594479E-01  0.9903031147E+00
 Determinant of Hessian: -0.1113577396E+04
 Ellipticity of electron density:    0.003900
 eta index:   -1.266220
 
 ----------------   CP     2,     Type (3,-3)   ----------------
 Position (Bohr):   -9.64620807871269   -4.35044267450992    0.58429000500642
 Density of all electrons:  0.2959671742E+03
 Density of Alpha electrons:  0.1479835871E+03
 Density of Beta electrons:  0.1479835871E+03
 Spin density of electrons:  0.0000000000E+00
 Lagrangian kinetic energy G(r):  0.6842975243E+02
 G(r) in X,Y,Z:  0.2156404623E+02  0.2326688216E+02  0.2359882403E+02
 Hamiltonian kinetic energy K(r):  0.6174995655E+06
 Potential energy density V(r): -0.6175679953E+06
 Energy density E(r) or H(r): -0.6174995655E+06
 Laplacian of electron density: -0.2469724543E+07
 Electron localization function (ELF):  0.9999967124E+00
 Localized orbital locator (LOL):  0.9981901174E+00
 Local information entropy: -0.5206326687E+00
 Reduced density gradient (RDG):  0.1000000000E+03
 Reduced density gradient with promolecular approximation:  0.1000000000E+03
 Sign(lambda2)*rho: -0.2959671742E+03
 Sign(lambda2)*rho with promolecular approximation: -0.2923603801E+03
 Corr. hole for alpha, ref.:   0.00000   0.00000   0.00000 : -0.1184219808E-05
 Source function, ref.:   0.00000   0.00000   0.00000 :  0.1854452689E+05
 Wavefunction value for orbital         1 :  0.3471160195E-07
 Average local ionization energy (ALIE):  0.1872857908E+02
 Delta_g (under promolecular approximation):  0.4593205529E-01
 Delta_g (under Hirshfeld partition):  0.8219644514E-01
 User-defined real space function:  0.1000000000E+01
 ESP from nuclear charges:  0.9311129325E+06
 ESP from electrons: -0.4443983331E+02
 Total ESP:  0.9310684927E+06 a.u. ( 0.2533566E+08 eV, 0.5842548E+09 kcal/mol)
 
 Note: Below information are for electron density
 
 Components of gradient in x/y/z are:
  0.3694415884E-09  0.2566453716E-09  0.3216360511E-10
 Norm of gradient is:  0.4509860658E-09
 
 Components of Laplacian in x/y/z are:
 -0.8232471276E+06 -0.8232391445E+06 -0.8232382709E+06
 Total: -0.2469724543E+07
 
 Hessian matrix:
 -0.8232471276E+06  0.8691411227E+01 -0.2519447234E+01
  0.8691411227E+01 -0.8232391445E+06  0.2906865859E+01
 -0.2519447234E+01  0.2906865859E+01 -0.8232382709E+06
 Eigenvalues of Hessian: -0.8232535923E+06 -0.8232332953E+06 -0.8232376554E+06
 Eigenvectors(columns) of Hessian:
  0.8112983296E+00  0.4830943561E+00 -0.3292641243E+00
 -0.5353328957E+00  0.8402232794E+00 -0.8627590379E-01
  0.2349759801E+00  0.2462614137E+00  0.9402880436E+00
 Determinant of Hessian: -0.5579326649E+18
 Ellipticity of electron density:    0.000019
 eta index:   -1.000025
 
 ----------------   CP     3,     Type (3,-3)   ----------------
 Position (Bohr):    3.97475825316192   -5.81451373801743   -0.54819633562560
 Density of all electrons:  0.5465026166E+00
 Density of Alpha electrons:  0.2732513083E+00
 Density of Beta electrons:  0.2732513083E+00
 Spin density of electrons:  0.0000000000E+00
 Lagrangian kinetic energy G(r):  0.1343418247E-01
 G(r) in X,Y,Z:  0.4723084180E-02  0.1123194106E-02  0.7587904189E-02
 Hamiltonian kinetic energy K(r):  0.7948654055E+01
 Potential energy density V(r): -0.7962088238E+01
 Energy density E(r) or H(r): -0.7948654055E+01
 Laplacian of electron density: -0.3174087949E+02
 Electron localization function (ELF):  0.9998357321E+00
 Localized orbital locator (LOL):  0.9873537520E+00
 Local information entropy:  0.1573739802E-01
 Reduced density gradient (RDG):  0.1000000000E+03
 Reduced density gradient with promolecular approximation:  0.1000000000E+03
 Sign(lambda2)*rho: -0.5465026166E+00
 Sign(lambda2)*rho with promolecular approximation: -0.3169102294E+00
 Corr. hole for alpha, ref.:   0.00000   0.00000   0.00000 : -0.3193123937E-03
 Source function, ref.:   0.00000   0.00000   0.00000 :  0.3575402276E+00
 Wavefunction value for orbital         1 :  0.1551601773E-05
 Average local ionization energy (ALIE):  0.7050430935E+00
 Delta_g (under promolecular approximation):  0.2033736849E+00
 Delta_g (under Hirshfeld partition):  0.4199289849E+00
 User-defined real space function:  0.1000000000E+01
 ESP from nuclear charges:  0.5451789126E+02
 ESP from electrons: -0.2626441468E+02
 Total ESP:  0.2825347658E+02 a.u. ( 0.7688162E+03 eV, 0.1772934E+05 kcal/mol)
 
 Note: Below information are for electron density
 
 Components of gradient in x/y/z are:
  0.1063385491E-14  0.3386180225E-14 -0.1214306433E-15
 Norm of gradient is:  0.3551302665E-14
 
 Components of Laplacian in x/y/z are:
 -0.1093459435E+02 -0.9850179471E+01 -0.1095610567E+02
 Total: -0.3174087949E+02
 
 Hessian matrix:
 -0.1093459435E+02 -0.2115728583E+00  0.1584884947E-01
 -0.2115728583E+00 -0.9850179471E+01 -0.6884800762E-01
  0.1584884947E-01 -0.6884800762E-01 -0.1095610567E+02
 Eigenvalues of Hessian: -0.1097496499E+02 -0.9806029952E+01 -0.1095988454E+02
 Eigenvectors(columns) of Hessian:
  0.9666725437E+00 -0.1847457615E+00  0.1772376845E+00
  0.1701210836E+00  0.9808749226E+00  0.9456851065E-01
 -0.1913191316E+00 -0.6126491580E-01  0.9796140056E+00
 Determinant of Hessian: -0.1179511931E+04
 Ellipticity of electron density:    0.001376
 eta index:   -1.119206
 
 ----------------   CP     4,     Type (3,-3)   ----------------
 Position (Bohr):  -13.45660694477712   -3.28487678056818   -0.48430024216056
 Density of all electrons:  0.2960960392E+03
 Density of Alpha electrons:  0.1480480196E+03
 Density of Beta electrons:  0.1480480196E+03
 Spin density of electrons:  0.0000000000E+00
 Lagrangian kinetic energy G(r):  0.6813666131E+02
 G(r) in X,Y,Z:  0.2135341817E+02  0.2668728402E+02  0.2009595912E+02
 Hamiltonian kinetic energy K(r):  0.6177709837E+06
 Potential energy density V(r): -0.6178391204E+06
 Energy density E(r) or H(r): -0.6177709837E+06
 Laplacian of electron density: -0.2470811388E+07
 Electron localization function (ELF):  0.9999967453E+00
 Localized orbital locator (LOL):  0.9981991600E+00
 Local information entropy: -0.5214850482E+00
 Reduced density gradient (RDG):  0.1000000000E+03
 Reduced density gradient with promolecular approximation:  0.1000000000E+03
 Sign(lambda2)*rho: -0.2960960392E+03
 Sign(lambda2)*rho with promolecular approximation: -0.2923567117E+03
 Corr. hole for alpha, ref.:   0.00000   0.00000   0.00000 : -0.7496306872E-07
 Source function, ref.:   0.00000   0.00000   0.00000 :  0.1418600580E+05
 Wavefunction value for orbital         1 :  0.4513765106E-07
 Average local ionization energy (ALIE):  0.1868688814E+02
 Delta_g (under promolecular approximation):  0.6245587037E-01
 Delta_g (under Hirshfeld partition):  0.9485985385E-01
 User-defined real space function:  0.1000000000E+01
 ESP from nuclear charges:  0.8560023839E+06
 ESP from electrons: -0.4191974088E+02
 Total ESP:  0.8559604642E+06 a.u. ( 0.2329187E+08 eV, 0.5371238E+09 kcal/mol)
 
 Note: Below information are for electron density
 
 Components of gradient in x/y/z are:
 -0.5945741677E-09 -0.1640620972E-10  0.6719957923E-11
 Norm of gradient is:  0.5948384339E-09
 
 Components of Laplacian in x/y/z are:
 -0.8236092441E+06 -0.8235877880E+06 -0.8236143561E+06
 Total: -0.2470811388E+07
 
 Hessian matrix:
 -0.8236092441E+06 -0.7191929627E+01  0.1671085253E+01
 -0.7191929627E+01 -0.8235877880E+06 -0.2741868134E+01
  0.1671085253E+01 -0.2741868134E+01 -0.8236143561E+06
 Eigenvalues of Hessian: -0.8236112477E+06 -0.8235852677E+06 -0.8236148728E+06
 Eigenvectors(columns) of Hessian:
  0.9241808302E+00 -0.2924755357E+00 -0.2456580023E+00
  0.3094835462E+00  0.9503374282E+00  0.3284367753E-01
  0.2238520220E+00 -0.1063806069E+00  0.9687999993E+00
 Determinant of Hessian: -0.5586695729E+18
 Ellipticity of electron density:    0.000004
 eta index:   -1.000036
 
 ----------------   CP     5,     Type (3,-3)   ----------------
 Position (Bohr):   -0.78217427941836   -4.57331230472430    0.07209232883460
 Density of all electrons:  0.1943330112E+03
 Density of Alpha electrons:  0.9716650559E+02
 Density of Beta electrons:  0.9716650559E+02
 Spin density of electrons:  0.0000000000E+00
 Lagrangian kinetic energy G(r):  0.2762215296E+02
 G(r) in X,Y,Z:  0.8786193214E+01  0.8994593853E+01  0.9841365892E+01
 Hamiltonian kinetic energy K(r):  0.3034978676E+06
 Potential energy density V(r): -0.3035254897E+06
 Energy density E(r) or H(r): -0.3034978676E+06
 Laplacian of electron density: -0.1213880982E+07
 Electron localization function (ELF):  0.9999978228E+00
 Localized orbital locator (LOL):  0.9985266555E+00
 Local information entropy:  0.5500089189E-01
 Reduced density gradient (RDG):  0.1000000000E+03
 Reduced density gradient with promolecular approximation:  0.1000000000E+03
 Sign(lambda2)*rho: -0.1943330112E+03
 Sign(lambda2)*rho with promolecular approximation: -0.1931749812E+03
 Corr. hole for alpha, ref.:   0.00000   0.00000   0.00000 : -0.3540413161E-02
 Source function, ref.:   0.00000   0.00000   0.00000 :  0.2081719685E+05
 Wavefunction value for orbital         1 :  0.1047133890E-05
 Average local ionization energy (ALIE):  0.1429988489E+02
 Delta_g (under promolecular approximation):  0.5692945966E-01
 Delta_g (under Hirshfeld partition):  0.9583756455E-01
 User-defined real space function:  0.1000000000E+01
 ESP from nuclear charges:  0.1592433698E+07
 ESP from electrons: -0.4313634417E+02
 Total ESP:  0.1592390562E+07 a.u. ( 0.4333115E+08 eV, 0.9992410E+09 kcal/mol)
 
 Note: Below information are for electron density
 
 Components of gradient in x/y/z are:
  0.5861089392E-11  0.5675915293E-10 -0.9008349622E-12
 Norm of gradient is:  0.5706807614E-10
 
 Components of Laplacian in x/y/z are:
 -0.4046288970E+06 -0.4046283702E+06 -0.4046237145E+06
 Total: -0.1213880982E+07
 
 Hessian matrix:
 -0.4046288970E+06 -0.2314837997E+01  0.7459591525E+00
 -0.2314837997E+01 -0.4046283702E+06  0.6104864666E+00
  0.7459591525E+00  0.6104864666E+00 -0.4046237145E+06
 Eigenvalues of Hessian: -0.4046310892E+06 -0.4046263045E+06 -0.4046235881E+06
 Eigenvectors(columns) of Hessian:
  0.7404734337E+00 -0.6635732630E+00  0.1066284141E+00
  0.6594926243E+00  0.7479645544E+00  0.7495668003E-01
 -0.1294935230E+00  0.1481722242E-01  0.9914695545E+00
 Determinant of Hessian: -0.6624674702E+17
 Ellipticity of electron density:    0.000012
 eta index:   -1.000019
 
 ----------------   CP     6,     Type (3,-3)   ----------------
 Position (Bohr):   -7.69662253724182   -3.36638210140435    0.78101891142281
 Density of all electrons:  0.2893472072E+00
 Density of Alpha electrons:  0.1446736036E+00
 Density of Beta electrons:  0.1446736036E+00
 Spin density of electrons:  0.0000000000E+00
 Lagrangian kinetic energy G(r):  0.5864440836E-01
 G(r) in X,Y,Z:  0.4033970816E-01  0.1265215029E-01  0.5652549906E-02
 Hamiltonian kinetic energy K(r):  0.4433161353E+01
 Potential energy density V(r): -0.4491805761E+01
 Energy density E(r) or H(r): -0.4433161353E+01
 Laplacian of electron density: -0.1749806778E+02
 Electron localization function (ELF):  0.9746156220E+00
 Localized orbital locator (LOL):  0.8610603719E+00
 Local information entropy:  0.9225405995E-02
 Reduced density gradient (RDG):  0.1000000000E+03
 Reduced density gradient with promolecular approximation:  0.1000000000E+03
 Sign(lambda2)*rho: -0.2893472072E+00
 Sign(lambda2)*rho with promolecular approximation: -0.2987611101E+00
 Corr. hole for alpha, ref.:   0.00000   0.00000   0.00000 : -0.5580460918E-06
 Source function, ref.:   0.00000   0.00000   0.00000 :  0.1650439693E+00
 Wavefunction value for orbital         1 :  0.1402864712E-05
 Average local ionization energy (ALIE):  0.6486162097E+00
 Delta_g (under promolecular approximation):  0.7578684734E-01
 Delta_g (under Hirshfeld partition):  0.7389704568E-01
 User-defined real space function:  0.1000000000E+01
 ESP from nuclear charges:  0.1307366408E+03
 ESP from electrons: -0.2889105975E+02
 Total ESP:  0.1018455811E+03 a.u. ( 0.2771359E+04 eV, 0.6390912E+05 kcal/mol)
 
 Note: Below information are for electron density
 
 Components of gradient in x/y/z are:
 -0.1155325835E-14 -0.5169475958E-15 -0.2491496592E-15
 Norm of gradient is:  0.1289995409E-14
 
 Components of Laplacian in x/y/z are:
 -0.5565587523E+01 -0.5920028810E+01 -0.6012451444E+01
 Total: -0.1749806778E+02
 
 Hessian matrix:
 -0.5565587523E+01  0.2192875574E+00  0.1680409023E-01
  0.2192875574E+00 -0.5920028810E+01  0.7522908910E-02
  0.1680409023E-01  0.7522908910E-02 -0.6012451444E+01
 Eigenvalues of Hessian: -0.5460247546E+01 -0.6024772836E+01 -0.6013047395E+01
 Eigenvectors(columns) of Hessian:
  0.9018852856E+00 -0.4317684744E+00 -0.1337595372E-01
  0.4306892108E+00  0.9011562287E+00 -0.4923672643E-01
  0.3331269026E-01  0.3864500012E-01  0.9986975661E+00
 Determinant of Hessian: -0.1978097235E+03
 Ellipticity of electron density:    0.001950
 eta index:   -1.103388
 
 ----------------   CP     7,     Type (3,-3)   ----------------
 Position (Bohr):   -2.22717593772905   -3.82465017834174    0.21200119720704
 Density of all electrons:  0.5063489023E+00
 Density of Alpha electrons:  0.2531744512E+00
 Density of Beta electrons:  0.2531744512E+00
 Spin density of electrons:  0.0000000000E+00
 Lagrangian kinetic energy G(r):  0.2825220997E-01
 G(r) in X,Y,Z:  0.6601238600E-02  0.7046963229E-02  0.1460400815E-01
 Hamiltonian kinetic energy K(r):  0.6787010299E+01
 Potential energy density V(r): -0.6815262509E+01
 Energy density E(r) or H(r): -0.6787010299E+01
 Laplacian of electron density: -0.2703503235E+02
 Electron localization function (ELF):  0.9990645175E+00
 Localized orbital locator (LOL):  0.9703187753E+00
 Local information entropy:  0.1476868700E-01
 Reduced density gradient (RDG):  0.1000000000E+03
 Reduced density gradient with promolecular approximation:  0.1000000000E+03
 Sign(lambda2)*rho: -0.5063489023E+00
 Sign(lambda2)*rho with promolecular approximation: -0.3203873927E+00
 Corr. hole for alpha, ref.:   0.00000   0.00000   0.00000 : -0.1777485371E-05
 Source function, ref.:   0.00000   0.00000   0.00000 :  0.4855359778E+00
 Wavefunction value for orbital         1 :  0.1780491853E-05
 Average local ionization energy (ALIE):  0.8099043848E+00
 Delta_g (under promolecular approximation):  0.3205870971E+00
 Delta_g (under Hirshfeld partition):  0.6024710857E+00
 User-defined real space function:  0.1000000000E+01
 ESP from nuclear charges:  0.4806292586E+02
 ESP from electrons: -0.2949183508E+02
 Total ESP:  0.1857109078E+02 a.u. ( 0.5053451E+03 eV, 0.1165355E+05 kcal/mol)
 
 Note: Below information are for electron density
 
 Components of gradient in x/y/z are:
 -0.1590741427E-14  0.1095477875E-14  0.0000000000E+00
 Norm of gradient is:  0.1931458015E-14
 
 Components of Laplacian in x/y/z are:
 -0.8086325953E+01 -0.9283182553E+01 -0.9665523848E+01
 Total: -0.2703503235E+02
 
 Hessian matrix:
 -0.8086325953E+01 -0.8356726671E+00 -0.1526588758E+00
 -0.8356726671E+00 -0.9283182553E+01  0.8230730651E-01
 -0.1526588758E+00  0.8230730651E-01 -0.9665523848E+01
 Eigenvalues of Hessian: -0.7642049955E+01 -0.9712958892E+01 -0.9680023508E+01
 Eigenvectors(columns) of Hessian:
  0.8861299747E+00  0.4467335535E+00  0.1232996351E+00
 -0.4555037828E+00  0.8885867386E+00  0.5412866117E-01
 -0.8538133147E-01 -0.1041284794E+00  0.9908921677E+00
 Determinant of Hessian: -0.7185183020E+03
 Ellipticity of electron density:    0.003402
 eta index:   -1.270989
 
 ----------------   CP     8,     Type (3,-3)   ----------------
 Position (Bohr):  -11.31099255694574   -2.65414233012290    0.05925445521971
 Density of all electrons:  0.1198286358E+03
 Density of Alpha electrons:  0.5991431788E+02
 Density of Beta electrons:  0.5991431788E+02
 Spin density of electrons:  0.0000000000E+00
 Lagrangian kinetic energy G(r):  0.7243686856E+01
 G(r) in X,Y,Z:  0.2764260512E+01  0.2591341523E+01  0.1888084821E+01
 Hamiltonian kinetic energy K(r):  0.1364273113E+06
 Potential energy density V(r): -0.1364345550E+06
 Energy density E(r) or H(r): -0.1364273113E+06
 Laplacian of electron density: -0.5456802706E+06
 Electron localization function (ELF):  0.9999992497E+00
 Localized orbital locator (LOL):  0.9991345393E+00
 Local information entropy:  0.3151687882E+00
 Reduced density gradient (RDG):  0.1000000000E+03
 Reduced density gradient with promolecular approximation:  0.1000000000E+03
 Sign(lambda2)*rho: -0.1198286358E+03
 Sign(lambda2)*rho with promolecular approximation: -0.1213901322E+03
 Corr. hole for alpha, ref.:   0.00000   0.00000   0.00000 : -0.5534650021E-06
 Source function, ref.:   0.00000   0.00000   0.00000 :  0.3737516880E+04
 Wavefunction value for orbital         1 : -0.1880199832E-06
 Average local ionization energy (ALIE):  0.1027391395E+02
 Delta_g (under promolecular approximation):  0.4161521316E-01
 Delta_g (under Hirshfeld partition):  0.6542795323E-01
 User-defined real space function:  0.1000000000E+01
 ESP from nuclear charges:  0.2062950058E+07
 ESP from electrons: -0.3968216253E+02
 Total ESP:  0.2062910376E+07 a.u. ( 0.5613465E+08 eV, 0.1294497E+10 kcal/mol)
 
 Note: Below information are for electron density
 
 Components of gradient in x/y/z are:
 -0.1034521913E-09  0.3040068197E-10  0.4909961326E-12
 Norm of gradient is:  0.1078276329E-09
 
 Components of Laplacian in x/y/z are:
 -0.1818923065E+06 -0.1818927850E+06 -0.1818951792E+06
 Total: -0.5456802706E+06
 
 Hessian matrix:
 -0.1818923065E+06  0.4153837438E+00  0.8005756788E+00
  0.4153837438E+00 -0.1818927850E+06  0.3898265725E-01
  0.8005756788E+00  0.3898265725E-01 -0.1818951792E+06
 Eigenvalues of Hessian: -0.1818919053E+06 -0.1818929763E+06 -0.1818953889E+06
 Eigenvectors(columns) of Hessian:
  0.8783302325E+00 -0.4046221827E+00 -0.2545916178E+00
  0.4245069924E+00  0.9050472310E+00  0.2614044910E-01
  0.2198404332E+00 -0.1310358687E+00  0.9666952907E+00
 Determinant of Hessian: -0.6017983483E+16
 Ellipticity of electron density:    0.000013
 eta index:   -1.000019
 
 ----------------   CP     9,     Type (3,-3)   ----------------
 Position (Bohr):    3.67295824038513   -4.12095426797838   -0.65091604957528
 Density of all electrons:  0.1197739744E+03
 Density of Alpha electrons:  0.5988698720E+02
 Density of Beta electrons:  0.5988698720E+02
 Spin density of electrons:  0.0000000000E+00
 Lagrangian kinetic energy G(r):  0.8369258457E+01
 G(r) in X,Y,Z:  0.2700653300E+01  0.3173998464E+01  0.2494606693E+01
 Hamiltonian kinetic energy K(r):  0.1363616703E+06
 Potential energy density V(r): -0.1363700396E+06
 Energy density E(r) or H(r): -0.1363616703E+06
 Laplacian of electron density: -0.5454132043E+06
 Electron localization function (ELF):  0.9999989969E+00
 Localized orbital locator (LOL):  0.9989994329E+00
 Local information entropy:  0.3152903058E+00
 Reduced density gradient (RDG):  0.1000000000E+03
 Reduced density gradient with promolecular approximation:  0.1000000000E+03
 Sign(lambda2)*rho: -0.1197739744E+03
 Sign(lambda2)*rho with promolecular approximation: -0.1213965655E+03
 Corr. hole for alpha, ref.:   0.00000   0.00000   0.00000 : -0.4110517370E-02
 Source function, ref.:   0.00000   0.00000   0.00000 :  0.7808373757E+04
 Wavefunction value for orbital         1 :  0.2873403854E-05
 Average local ionization energy (ALIE):  0.1028244010E+02
 Delta_g (under promolecular approximation):  0.4446633782E-01
 Delta_g (under Hirshfeld partition):  0.5980682614E-01
 User-defined real space function:  0.1000000000E+01
 ESP from nuclear charges:  0.1230666709E+07
 ESP from electrons: -0.4105812363E+02
 Total ESP:  0.1230625651E+07 a.u. ( 0.3348703E+08 eV, 0.7722299E+09 kcal/mol)
 
 Note: Below information are for electron density
 
 Components of gradient in x/y/z are:
 -0.5230704758E-11  0.4491007566E-10  0.4055172864E-11
 Norm of gradient is:  0.4539514946E-10
 
 Components of Laplacian in x/y/z are:
 -0.1818048703E+06 -0.1818031332E+06 -0.1818052008E+06
 Total: -0.5454132043E+06
 
 Hessian matrix:
 -0.1818048703E+06  0.7875588519E-01 -0.9828296353E-01
  0.7875588519E-01 -0.1818031332E+06 -0.1887678180E+00
 -0.9828296353E-01 -0.1887678180E+00 -0.1818052008E+06
 Eigenvalues of Hessian: -0.1818048521E+06 -0.1818031118E+06 -0.1818052404E+06
 Eigenvectors(columns) of Hessian:
  0.9694070257E+00  0.4969274517E-01  0.2403760588E+00
 -0.7024374590E-01  0.9944997382E+00  0.7769225776E-01
 -0.2351931860E+00 -0.9220033531E-01  0.9675656378E+00
 Determinant of Hessian: -0.6009151861E+16
 Ellipticity of electron density:    0.000002
 eta index:   -1.000012
 
 ----------------   CP    10,     Type (3,-3)   ----------------
 Position (Bohr):   -5.59487992394572   -2.38324891867789    0.59914102364965
 Density of all electrons:  0.2959027568E+03
 Density of Alpha electrons:  0.1479513784E+03
 Density of Beta electrons:  0.1479513784E+03
 Spin density of electrons:  0.0000000000E+00
 Lagrangian kinetic energy G(r):  0.6889693772E+02
 G(r) in X,Y,Z:  0.2547225735E+02  0.2017075292E+02  0.2325392744E+02
 Hamiltonian kinetic energy K(r):  0.6173633138E+06
 Potential energy density V(r): -0.6174322107E+06
 Energy density E(r) or H(r): -0.6173633138E+06
 Laplacian of electron density: -0.2469177667E+07
 Electron localization function (ELF):  0.9999966650E+00
 Localized orbital locator (LOL):  0.9981771235E+00
 Local information entropy: -0.5202066810E+00
 Reduced density gradient (RDG):  0.1000000000E+03
 Reduced density gradient with promolecular approximation:  0.1000000000E+03
 Sign(lambda2)*rho: -0.2959027568E+03
 Sign(lambda2)*rho with promolecular approximation: -0.2923649400E+03
 Corr. hole for alpha, ref.:   0.00000   0.00000   0.00000 : -0.5321396201E-05
 Source function, ref.:   0.00000   0.00000   0.00000 :  0.3215484653E+05
 Wavefunction value for orbital         1 :  0.5707730799E-08
 Average local ionization energy (ALIE):  0.1876864899E+02
 Delta_g (under promolecular approximation):  0.5064417660E-01
 Delta_g (under Hirshfeld partition):  0.7837488190E-01
 User-defined real space function:  0.1000000000E+01
 ESP from nuclear charges:  0.1066185473E+07
 ESP from electrons: -0.4780107313E+02
 Total ESP:  0.1066137671E+07 a.u. ( 0.2901108E+08 eV, 0.6690121E+09 kcal/mol)
 
 Note: Below information are for electron density
 
 Components of gradient in x/y/z are:
  0.2726294746E-09 -0.6846390121E-10 -0.2793887344E-10
 Norm of gradient is:  0.2824795865E-09
 
 Components of Laplacian in x/y/z are:
 -0.8230492067E+06 -0.8230705789E+06 -0.8230578818E+06
 Total: -0.2469177667E+07
 
 Hessian matrix:
 -0.8230492067E+06 -0.5350836130E+00  0.6284692615E+00
 -0.5350836130E+00 -0.8230705789E+06  0.1343645016E+01
  0.6284692615E+00  0.1343645016E+01 -0.8230578818E+06
 Eigenvalues of Hessian: -0.8230491524E+06 -0.8230707362E+06 -0.8230577789E+06
 Eigenvectors(columns) of Hessian:
  0.9974288317E+00  0.2777861891E-01 -0.6606113842E-01
 -0.2060448171E-01  0.9940561493E+00  0.1069010163E+00
  0.6863804348E-01 -0.1052650002E+00  0.9920726277E+00
 Determinant of Hessian: -0.5575621149E+18
 Ellipticity of electron density:    0.000016
 eta index:   -1.000026
 
 ----------------   CP    11,     Type (3,-3)   ----------------
 Position (Bohr):    1.20604822123642   -3.14936977578100   -0.28767180515059
 Density of all electrons:  0.1198107077E+03
 Density of Alpha electrons:  0.5990535383E+02
 Density of Beta electrons:  0.5990535383E+02
 Spin density of electrons:  0.0000000000E+00
 Lagrangian kinetic energy G(r):  0.7435695072E+01
 G(r) in X,Y,Z:  0.2983977439E+01  0.2639765146E+01  0.1811952488E+01
 Hamiltonian kinetic energy K(r):  0.1364079323E+06
 Potential energy density V(r): -0.1364153680E+06
 Energy density E(r) or H(r): -0.1364079323E+06
 Laplacian of electron density: -0.5456019865E+06
 Electron localization function (ELF):  0.9999992090E+00
 Localized orbital locator (LOL):  0.9991113975E+00
 Local information entropy:  0.3152086575E+00
 Reduced density gradient (RDG):  0.1000000000E+03
 Reduced density gradient with promolecular approximation:  0.1000000000E+03
 Sign(lambda2)*rho: -0.1198107077E+03
 Sign(lambda2)*rho with promolecular approximation: -0.1213944965E+03
 Corr. hole for alpha, ref.:   0.00000   0.00000   0.00000 : -0.1791054937E-01
 Source function, ref.:   0.00000   0.00000   0.00000 :  0.1282781415E+05
 Wavefunction value for orbital         1 :  0.1196860987E-05
 Average local ionization energy (ALIE):  0.1041002737E+02
 Delta_g (under promolecular approximation):  0.5133646862E-01
 Delta_g (under Hirshfeld partition):  0.6460979076E-01
 User-defined real space function:  0.1000000000E+01
 ESP from nuclear charges:  0.1455278020E+07
 ESP from electrons: -0.4299805621E+02
 Total ESP:  0.1455235022E+07 a.u. ( 0.3959896E+08 eV, 0.9131745E+09 kcal/mol)
 
 Note: Below information are for electron density
 
 Components of gradient in x/y/z are:
 -0.7021383475E-11  0.1211153400E-10 -0.6388778395E-12
 Norm of gradient is:  0.1401418020E-10
 
 Components of Laplacian in x/y/z are:
 -0.1818655064E+06 -0.1818668559E+06 -0.1818696242E+06
 Total: -0.5456019865E+06
 
 Hessian matrix:
 -0.1818655064E+06 -0.3591482166E+00 -0.6317176921E+00
 -0.3591482166E+00 -0.1818668559E+06 -0.5375109412E-01
 -0.6317176921E+00 -0.5375109412E-01 -0.1818696242E+06
 Eigenvalues of Hessian: -0.1818653324E+06 -0.1818669312E+06 -0.1818697229E+06
 Eigenvectors(columns) of Hessian:
  0.9649264218E+00  0.2146192508E+00  0.1511806127E+00
 -0.2225508832E+00  0.9742012207E+00  0.3745778780E-01
 -0.1392411751E+00 -0.6978938804E-01  0.9877962019E+00
 Determinant of Hessian: -0.6015393810E+16
 Ellipticity of electron density:    0.000015
 eta index:   -1.000024
 
 ----------------   CP    12,     Type (3,-3)   ----------------
 Position (Bohr):    7.13465485509755   -3.12934618405326   -1.43104578835449
 Density of all electrons:  0.5524403186E+00
 Density of Alpha electrons:  0.2762201593E+00
 Density of Beta electrons:  0.2762201593E+00
 Spin density of electrons:  0.0000000000E+00
 Lagrangian kinetic energy G(r):  0.1115658314E-01
 G(r) in X,Y,Z:  0.2346855926E-02  0.3711973273E-02  0.5097753946E-02
 Hamiltonian kinetic energy K(r):  0.8002506763E+01
 Potential energy density V(r): -0.8013663346E+01
 Energy density E(r) or H(r): -0.8002506763E+01
 Laplacian of electron density: -0.3196540072E+02
 Electron localization function (ELF):  0.9998906787E+00
 Localized orbital locator (LOL):  0.9896611195E+00
 Local information entropy:  0.1587940363E-01
 Reduced density gradient (RDG):  0.1000000000E+03
 Reduced density gradient with promolecular approximation:  0.1000000000E+03
 Sign(lambda2)*rho: -0.5524403186E+00
 Sign(lambda2)*rho with promolecular approximation: -0.3163111200E+00
 Corr. hole for alpha, ref.:   0.00000   0.00000   0.00000 : -0.7026826462E-07
 Source function, ref.:   0.00000   0.00000   0.00000 :  0.3211324479E+00
 Wavefunction value for orbital         1 :  0.4069577261E-05
 Average local ionization energy (ALIE):  0.7234257389E+00
 Delta_g (under promolecular approximation):  0.2039222250E+00
 Delta_g (under Hirshfeld partition):  0.4309854947E+00
 User-defined real space function:  0.1000000000E+01
 ESP from nuclear charges:  0.5609574232E+02
 ESP from electrons: -0.2900690267E+02
 Total ESP:  0.2708883966E+02 a.u. ( 0.7371248E+03 eV, 0.1699852E+05 kcal/mol)
 
 Note: Below information are for electron density
 
 Components of gradient in x/y/z are:
 -0.1313185671E-14  0.1935951399E-14 -0.1134509153E-14
 Norm of gradient is:  0.2599899122E-14
 
 Components of Laplacian in x/y/z are:
 -0.1003435160E+02 -0.1089404701E+02 -0.1103700211E+02
 Total: -0.3196540072E+02
 
 Hessian matrix:
 -0.1003435160E+02 -0.4407497398E+00 -0.1773132360E+00
 -0.4407497398E+00 -0.1089404701E+02  0.7648529746E-01
 -0.1773132360E+00  0.7648529746E-01 -0.1103700211E+02
 Eigenvalues of Hessian: -0.9817958196E+01 -0.1108005321E+02 -0.1106738932E+02
 Eigenvectors(columns) of Hessian:
  0.9100411084E+00  0.3674286701E+00  0.1918889091E+00
 -0.3838592655E+00  0.9217183973E+00  0.5556312066E-01
 -0.1564520542E+00 -0.1242230596E+00  0.9798425313E+00
 Determinant of Hessian: -0.1203949337E+04
 Ellipticity of electron density:    0.001144
 eta index:   -1.128550
 
 ----------------   CP    13,     Type (3,-3)   ----------------
 Position (Bohr):    5.55654125012278   -2.50077971308993   -1.14829334950394
 Density of all electrons:  0.1198941818E+03
 Density of Alpha electrons:  0.5994709089E+02
 Density of Beta electrons:  0.5994709089E+02
 Spin density of electrons:  0.0000000000E+00
 Lagrangian kinetic energy G(r):  0.7950707719E+01
 G(r) in X,Y,Z:  0.3395298684E+01  0.2583195148E+01  0.1972213886E+01
 Hamiltonian kinetic energy K(r):  0.1365030290E+06
 Potential energy density V(r): -0.1365109797E+06
 Energy density E(r) or H(r): -0.1365030290E+06
 Laplacian of electron density: -0.5459803131E+06
 Electron localization function (ELF):  0.9999990977E+00
 Localized orbital locator (LOL):  0.9990510106E+00
 Local information entropy:  0.3150229134E+00
 Reduced density gradient (RDG):  0.1000000000E+03
 Reduced density gradient with promolecular approximation:  0.1000000000E+03
 Sign(lambda2)*rho: -0.1198941818E+03
 Sign(lambda2)*rho with promolecular approximation: -0.1213913917E+03
 Corr. hole for alpha, ref.:   0.00000   0.00000   0.00000 : -0.6317533296E-03
 Source function, ref.:   0.00000   0.00000   0.00000 :  0.7007003697E+04
 Wavefunction value for orbital         1 :  0.3684727176E-05
 Average local ionization energy (ALIE):  0.1033664438E+02
 Delta_g (under promolecular approximation):  0.4177508217E-01
 Delta_g (under Hirshfeld partition):  0.5530385249E-01
 User-defined real space function:  0.1000000000E+01
 ESP from nuclear charges:  0.7658819510E+06
 ESP from electrons: -0.4260461874E+02
 Total ESP:  0.7658393464E+06 a.u. ( 0.2083955E+08 eV, 0.4805718E+09 kcal/mol)
 
 Note: Below information are for electron density
 
 Components of gradient in x/y/z are:
  0.7269074231E-11 -0.3332889520E-10  0.1065061928E-10
 Norm of gradient is:  0.3573640142E-10
 
 Components of Laplacian in x/y/z are:
 -0.1819907047E+06 -0.1819938083E+06 -0.1819958002E+06
 Total: -0.5459803131E+06
 
 Hessian matrix:
 -0.1819907047E+06  0.1312019122E-01 -0.1141718325E+01
  0.1312019122E-01 -0.1819938083E+06 -0.1699491128E+00
 -0.1141718325E+01 -0.1699491128E+00 -0.1819958002E+06
 Eigenvalues of Hessian: -0.1819904598E+06 -0.1819937971E+06 -0.1819960562E+06
 Eigenvectors(columns) of Hessian:
  0.9777051110E+00 -0.2930266326E-01  0.2079280401E+00
  0.1446318196E-01  0.9972611270E+00  0.7253317087E-01
 -0.2094839667E+00 -0.6790875080E-01  0.9754511106E+00
 Determinant of Hessian: -0.6027915915E+16
 Ellipticity of electron density:    0.000012
 eta index:   -1.000031
 
 ----------------   CP    14,     Type (3,-3)   ----------------
 Position (Bohr):  -10.68361657309768    0.13653285476459    0.18235228594359
 Density of all electrons:  0.1197926937E+03
 Density of Alpha electrons:  0.5989634684E+02
 Density of Beta electrons:  0.5989634684E+02
 Spin density of electrons:  0.0000000000E+00
 Lagrangian kinetic energy G(r):  0.7657874523E+01
 G(r) in X,Y,Z:  0.2847971986E+01  0.2747829452E+01  0.2062073086E+01
 Hamiltonian kinetic energy K(r):  0.1363808300E+06
 Potential energy density V(r): -0.1363884879E+06
 Energy density E(r) or H(r): -0.1363808300E+06
 Laplacian of electron density: -0.5454926884E+06
 Electron localization function (ELF):  0.9999991606E+00
 Localized orbital locator (LOL):  0.9990846411E+00
 Local information entropy:  0.3152487047E+00
 Reduced density gradient (RDG):  0.1000000000E+03
 Reduced density gradient with promolecular approximation:  0.1000000000E+03
 Sign(lambda2)*rho: -0.1197926937E+03
 Sign(lambda2)*rho with promolecular approximation: -0.1213959255E+03
 Corr. hole for alpha, ref.:   0.00000   0.00000   0.00000 : -0.3263977069E-04
 Source function, ref.:   0.00000   0.00000   0.00000 :  0.4062207215E+04
 Wavefunction value for orbital         1 : -0.2336539344E-06
 Average local ionization energy (ALIE):  0.1020247665E+02
 Delta_g (under promolecular approximation):  0.3234064058E-01
 Delta_g (under Hirshfeld partition):  0.3929308453E-01
 User-defined real space function:  0.1000000000E+01
 ESP from nuclear charges:  0.3617405764E+07
 ESP from electrons: -0.4077232726E+02
 Total ESP:  0.3617364992E+07 a.u. ( 0.9843351E+08 eV, 0.2269933E+10 kcal/mol)
 
 Note: Below information are for electron density
 
 Components of gradient in x/y/z are:
 -0.6281419829E-11 -0.8788525463E-12  0.7666089985E-12
 Norm of gradient is:  0.6388764060E-11
 
 Components of Laplacian in x/y/z are:
 -0.1818299056E+06 -0.1818302349E+06 -0.1818325480E+06
 Total: -0.5454926884E+06
 
 Hessian matrix:
 -0.1818299056E+06 -0.2725383746E+00  0.1430870100E+00
 -0.2725383746E+00 -0.1818302349E+06  0.4182402145E-01
  0.1430870100E+00  0.4182402145E-01 -0.1818325480E+06
 Eigenvalues of Hessian: -0.1818297479E+06 -0.1818303834E+06 -0.1818325571E+06
 Eigenvectors(columns) of Hessian:
  0.8733683137E+00  0.4837849284E+00 -0.5639088285E-01
 -0.4856240690E+00  0.8738217080E+00 -0.2459443492E-01
  0.3737716063E-01  0.4886477013E-01  0.9981057970E+00
 Determinant of Hessian: -0.6011779420E+16
 Ellipticity of electron density:    0.000012
 eta index:   -1.000015
 
 ----------------   CP    15,     Type (3,-3)   ----------------
 Position (Bohr):    9.13698288552591   -0.99501163695093    3.35827333255864
 Density of all electrons:  0.5295504533E+00
 Density of Alpha electrons:  0.2647752266E+00
 Density of Beta electrons:  0.2647752266E+00
 Spin density of electrons:  0.0000000000E+00
 Lagrangian kinetic energy G(r):  0.9631551134E-02
 G(r) in X,Y,Z:  0.2077132551E-02  0.2788098931E-02  0.4766319651E-02
 Hamiltonian kinetic energy K(r):  0.7720405080E+01
 Potential energy density V(r): -0.7730036631E+01
 Energy density E(r) or H(r): -0.7720405080E+01
 Laplacian of electron density: -0.3084309412E+02
 Electron localization function (ELF):  0.9999061521E+00
 Localized orbital locator (LOL):  0.9904148434E+00
 Local information entropy:  0.1533023628E-01
 Reduced density gradient (RDG):  0.1000000000E+03
 Reduced density gradient with promolecular approximation:  0.1000000000E+03
 Sign(lambda2)*rho: -0.5295504533E+00
 Sign(lambda2)*rho with promolecular approximation: -0.3113180566E+00
 Corr. hole for alpha, ref.:   0.00000   0.00000   0.00000 : -0.5822837183E-07
 Source function, ref.:   0.00000   0.00000   0.00000 :  0.2508262612E+00
 Wavefunction value for orbital         1 :  0.1177237481E-04
 Average local ionization energy (ALIE):  0.6268600580E+00
 Delta_g (under promolecular approximation):  0.1767681673E+00
 Delta_g (under Hirshfeld partition):  0.3583965958E+00
 User-defined real space function:  0.1000000000E+01
 ESP from nuclear charges:  0.5779907240E+02
 ESP from electrons: -0.2746497685E+02
 Total ESP:  0.3033409554E+02 a.u. ( 0.8254327E+03 eV, 0.1903495E+05 kcal/mol)
 
 Note: Below information are for electron density
 
 Components of gradient in x/y/z are:
 -0.7788908407E-14  0.9506284648E-15  0.1366962099E-14
 Norm of gradient is:  0.7964883805E-14
 
 Components of Laplacian in x/y/z are:
 -0.1017512583E+02 -0.1006104290E+02 -0.1060692539E+02
 Total: -0.3084309412E+02
 
 Hessian matrix:
 -0.1017512583E+02  0.5058454654E+00  0.7199875552E-01
  0.5058454654E+00 -0.1006104290E+02  0.8629410832E-01
  0.7199875552E-01  0.8629410832E-01 -0.1060692539E+02
 Eigenvalues of Hessian: -0.1062868360E+02 -0.9596546386E+01 -0.1061786413E+02
 Eigenvectors(columns) of Hessian:
  0.6626912817E+00  0.6619285626E+00 -0.3502725270E+00
 -0.6476989233E+00  0.7413791174E+00  0.1756220632E+00
  0.3759339968E+00  0.1104879284E+00  0.9200358948E+00
 Determinant of Hessian: -0.1083007862E+04
 Ellipticity of electron density:    0.001019
 eta index:   -1.107553
 
 ----------------   CP    16,     Type (3,-3)   ----------------
 Position (Bohr):  -14.35896586611513    0.93191017009423    0.06245815342706
 Density of all electrons:  0.5534309519E+00
 Density of Alpha electrons:  0.2767154759E+00
 Density of Beta electrons:  0.2767154759E+00
 Spin density of electrons:  0.0000000000E+00
 Lagrangian kinetic energy G(r):  0.1267208076E-01
 G(r) in X,Y,Z:  0.1955762868E-02  0.4818138800E-02  0.5898179095E-02
 Hamiltonian kinetic energy K(r):  0.8034993066E+01
 Potential energy density V(r): -0.8047665146E+01
 Energy density E(r) or H(r): -0.8034993066E+01
 Laplacian of electron density: -0.3208928394E+02
 Electron localization function (ELF):  0.9998598355E+00
 Localized orbital locator (LOL):  0.9883077222E+00
 Local information entropy:  0.1590306529E-01
 Reduced density gradient (RDG):  0.1000000000E+03
 Reduced density gradient with promolecular approximation:  0.1000000000E+03
 Sign(lambda2)*rho: -0.5534309519E+00
 Sign(lambda2)*rho with promolecular approximation: -0.3170956269E+00
 Corr. hole for alpha, ref.:   0.00000   0.00000   0.00000 : -0.6402506267E-06
 Source function, ref.:   0.00000   0.00000   0.00000 :  0.1774639632E+00
 Wavefunction value for orbital         1 : -0.5487344279E-07
 Average local ionization energy (ALIE):  0.5687377768E+00
 Delta_g (under promolecular approximation):  0.2036913134E+00
 Delta_g (under Hirshfeld partition):  0.4266410423E+00
 User-defined real space function:  0.1000000000E+01
 ESP from nuclear charges:  0.5168934173E+02
 ESP from electrons: -0.2379000423E+02
 Total ESP:  0.2789933750E+02 a.u. ( 0.7591796E+03 eV, 0.1750711E+05 kcal/mol)
 
 Note: Below information are for electron density
 
 Components of gradient in x/y/z are:
 -0.8974591903E-14 -0.6938893904E-16  0.1561251128E-16
 Norm of gradient is:  0.8974873726E-14
 
 Components of Laplacian in x/y/z are:
 -0.1012814635E+02 -0.1087399651E+02 -0.1108714108E+02
 Total: -0.3208928394E+02
 
